5.56774516946925
5.589724017849
5.61468835890308
5.66273944604345
5.86328414588031
5.67303756965711
5.7083739175138
5.70483479834606
5.89489666964623
5.63895387660225
5.42102926997186
6.11106350716821
5.66544704812256
5.61972148647828
5.64713654502385
5.52957420276754
5.73038828803743
5.64110564820072
5.52741105519163
5.76306095705561
5.6234392115998
5.86345274462945
6.01420138233886
5.56487842361643
5.58815721229065
5.74541679204104
5.59824081974082
5.54571739582713
5.5857744974422
5.76078605701927
5.66363507457858
5.7482178409322
5.78811645475451
5.60252131216863
5.96402524128123
5.84081064365437
5.57541704874666
5.31811872835215
5.72666531547266
5.84292261278396
5.72144899995347
5.66451900358287
5.53333229214432
5.61623568725975
5.53495948435857
5.5506832395383
5.85045769365921
5.61058941784112
5.66504140922928
5.70528847118814
5.60631942431139
5.58415103542777
5.61238850349435
5.82941753521924
5.73688711336297
5.70085113376318
5.68468561222733
5.57988138184407
5.56202057270895
5.56006178814422
5.57365613987429
5.67014814126448
5.61665115145385
5.87709960588805
5.52641527206647
6.05206538860331
5.768105256146
5.96178656418835
5.97773018904509
5.55004104849525
5.86747778044408
5.59461745282989
5.70565719696753
6.14114195127725
5.71831939633279
5.58876092772577
5.55441022686321
5.55895602516474
5.84124628792656
5.57110631998355
5.44587379315813
5.6935143852428
5.75104392804876
5.8976826939348
5.45478634148565
5.62245818448835
5.66828675711809
5.77773440283475
5.85463976177641
5.66107794315072
5.95976256821099
5.44045562440654
5.73920885019664
5.62135292565652
5.56731173034698
5.54874797011193
5.54262103661688
6.06645006828089
5.42357243926561
5.81123336423956
5.6987414730411
5.65205815912309
5.58027513812365
5.90459261487431
5.50591095070834
5.44023057803811
5.56523587571802
5.76512594807348
5.63584710604245
5.62086772683926
6.04674422780098
5.52681262781483
5.47199605060762
6.12135758921801
5.75034712992924
5.57740215380729
5.58640309760341
5.5793072927537
5.73228761961624
5.90802463875025
5.76907836295747
5.57514428303248
5.747249916155
5.77776552535129
5.54075783282612
5.55321455574926
5.60984807644335
5.52486530971154
5.43841698721092
5.41859093539532
5.58755937875681
5.84627769468686
5.67058686917984
5.66745774073937
5.66358878760761
5.41563778710412
5.54844199833375
5.44397179347446
5.59958202609115
5.71741535754409
5.85669156739298
5.56164394672463
5.58961804562703
5.58626365805341
5.39435267954551
5.51654083859803
5.87172360277792
5.35909044973992
5.59830713069244
5.6947469401493
5.71644698659463
5.68426497281962
5.63047541535028
5.70685601096388
5.53220042373817
5.55573936386307
5.72526000434158
5.67483077159613
5.51629867879943
5.54400005159217
5.53727084894428
5.41104732001888
5.77684209524439
5.57334385796947
6.0000230936897
5.8964643291067
5.77651350209534
5.43433740960322
5.7259676840516
5.40873484234805
5.72936180233694
6.11196602866039
5.57299012322835
5.63649860626004
5.46811250078808
5.61962203781204
5.66286620496244
5.76151782114651
5.5211886027845
5.66118244216253
5.55155194302376
5.76933844001572
5.42203020018112
5.62827452352823
5.39972733701341
5.70959888000774
5.65906196843616
5.78522939613528
5.55688279213273
5.7223188239379
5.68719721307466
5.88810997832664
5.51487278762207
5.64186985148094
5.81965357866087
5.87867325032124
5.55225199723877
5.67789690853055
5.54954904238695
5.43103499032055
